<?xml version="1.0"?>
<opencv_storage>
<calibration_Time>"Thu Apr  6 01:58:08 2017"</calibration_Time>
<nrOfFrames>25</nrOfFrames>
<image_Width>640</image_Width>
<image_Height>480</image_Height>
<board_Width>9</board_Width>
<board_Height>6</board_Height>
<square_Size>50.</square_Size>
<FixAspectRatio>1.</FixAspectRatio>
<!-- flags:  +fix_aspectRatio +fix_principal_point +zero_tangent_dist -->
<flagValue>14</flagValue>
<Camera_Matrix type_id="opencv-matrix">
  <rows>3</rows>
  <cols>3</cols>
  <dt>d</dt>
  <data>
    4.8076076352096595e+02 0. 3.1950000000000000e+02 0.
    4.8076076352096595e+02 2.3950000000000000e+02 0. 0. 1.</data></Camera_Matrix>
<Distortion_Coefficients type_id="opencv-matrix">
  <rows>5</rows>
  <cols>1</cols>
  <dt>d</dt>
  <data>
    9.8073452146299367e-02 9.3807060164543865e-01 0. 0.
    -3.5594650806539421e+00</data></Distortion_Coefficients>
<Avg_Reprojection_Error>1.1761272266907967e+00</Avg_Reprojection_Error>
<Per_View_Reprojection_Errors type_id="opencv-matrix">
  <rows>25</rows>
  <cols>1</cols>
  <dt>f</dt>
  <data>
    1.68215692e-01 1.22884482e-01 2.13582605e-01 2.24148080e-01
    2.32366771e-01 1.84326559e-01 7.92960405e-01 7.87449360e-01
    3.30706120e-01 4.85638350e-01 1.07548857e+00 2.58655000e+00
    3.15737820e+00 2.34862983e-01 1.76096082e-01 1.60221428e-01
    3.90652359e-01 5.78862071e-01 1.23098648e+00 1.00363517e+00
    1.05809033e+00 2.76519704e+00 1.57135141e+00 7.08644092e-01
    2.92045861e-01</data></Per_View_Reprojection_Errors>
<!-- a set of 6-tuples (rotation vector + translation vector) for each view -->
<Extrinsic_Parameters type_id="opencv-matrix">
  <rows>25</rows>
  <cols>6</cols>
  <dt>d</dt>
  <data>
    -7.7493418958430038e-02 -1.8455716115629811e-01
    -3.0392811031687041e+00 1.4513787908933702e+02
    9.3178182661010425e+01 8.8267916255627142e+02
    -4.5529851051655364e-02 -2.4710852695771315e-01
    -3.0273497402718612e+00 1.1383718222734254e+02
    1.3560200781875642e+02 8.8225727559280108e+02
    -9.2429543525777300e-02 -2.5628234373423020e-01
    -3.0511236579258783e+00 1.2952163564300000e+02
    9.1312446427487515e+01 8.5912415503962245e+02 3.0773107619051925e-02
    -6.6581770434970078e-01 -2.9746950814922402e+00
    1.0223025923367665e+02 1.2336913886790705e+02 8.1290488873675486e+02
    -2.0300551075723414e-01 -1.3020893035178091e-01
    -3.0424579971900392e+00 1.0104248781783633e+02
    1.3956439106619081e+02 8.2296901500091383e+02
    -4.3704873905064862e-01 4.0889719462058810e-01
    -3.0494987791197654e+00 7.2091329812101719e+01
    1.5821431805626571e+02 8.1298906213409759e+02 6.7526434063967589e-01
    -6.0028765571140874e-01 2.9674252993063326e+00
    6.8743185724930896e+01 1.2834850253708984e+02 7.3763845115201514e+02
    6.8173154020069315e-01 -6.2078697859554965e-01
    2.9872041772920146e+00 6.5975076389485565e+01 1.4851941999479880e+02
    7.4167797519299643e+02 -2.5172423793099685e-01
    -6.4872480088962159e-01 -3.0070931399434149e+00
    7.0817094593229356e+01 8.7888224561814425e+01 6.1515155412240733e+02
    -9.5350459704268017e-02 -1.1964412462522949e+00
    -2.7769543447680536e+00 6.8924878085723250e+01
    6.9199518883248771e+01 5.9127505050944092e+02
    -2.9667051234006352e-02 -1.3633828019488390e+00
    -2.6809877857058027e+00 1.1822232466046680e+02
    1.6597544773863629e+02 8.7948525740071034e+02 5.4560539900758341e-02
    -1.3061829661192867e+00 -2.7170547049941027e+00
    1.3873286811902295e+02 2.1259619074904020e+02 1.0365646283744952e+03
    6.3494745894135271e-02 -1.3169597780505193e+00
    -2.7339633793308722e+00 1.4938539063412588e+02
    2.0024294722579882e+02 1.0568046315428444e+03
    -6.4647367963328733e-03 -1.2241372428092652e+00
    -2.8284263832252177e+00 1.7063176605423320e+02
    1.4715191046609615e+02 9.6238325921107059e+02
    -1.5354113868164679e-01 -5.6692661244742248e-01
    -3.0541763660814696e+00 9.7955182883465540e+01
    1.6645290119708730e+02 9.6032558920735221e+02 4.2560616747047186e-01
    -3.9187185686175841e-01 3.0186435366757047e+00
    9.4697203468176724e+01 5.4676833935874321e+01 9.2132626251667136e+02
    4.9372007255384059e-01 -4.6972967719222886e-01
    3.0361318371347812e+00 9.5407719024573566e+01 3.6759752480808828e+01
    8.6868163288793789e+02 5.6103068784279053e-01
    -5.7798629002852819e-01 3.0039599964745816e+00
    9.9387542298238458e+01 1.8700185193380374e+01 8.3487179962655364e+02
    -9.2010345892705059e-01 8.0321295970676754e-01
    -2.8841648004768246e+00 7.9431124917046034e+01
    7.0257156693504115e+01 7.7164745855982017e+02
    -9.9041254388341293e-01 9.0285572907273592e-01
    -2.8073300166622426e+00 1.2297739558859095e+02
    9.4426070368872814e+01 7.8273582439422887e+02
    -1.0459428411447629e+00 7.9851209867736006e-01
    -2.7988897243015805e+00 1.2621465041419185e+02
    1.5260978437853765e+02 7.1798638068926402e+02
    -1.0185597576341827e+00 6.5794032161557803e-01
    -2.7801613519179251e+00 1.9249402369013438e+02
    1.5814590999702679e+02 8.1377693664243554e+02
    -9.0762695319599018e-01 6.8614225990054656e-01
    -2.7726909254489058e+00 2.9219802509069314e+02
    2.0430925920296883e+02 1.2167637050379958e+03
    -3.4582913938812104e-01 -6.5298984696438092e-02
    -3.0916620657525011e+00 1.6515100894217440e+02
    8.6756215278124429e+01 6.7170259625021754e+02 2.0045626814532727e-01
    -5.6914313973656272e-01 -3.0430034773126140e+00
    1.4979841374301685e+02 6.4074526331022213e+01 6.5219287814245774e+02</data></Extrinsic_Parameters>
