<?xml version="1.0"?>
<opencv_storage>
<calibration_Time>"Thu Apr  6 03:18:09 2017"</calibration_Time>
<nrOfFrames>25</nrOfFrames>
<image_Width>640</image_Width>
<image_Height>480</image_Height>
<board_Width>9</board_Width>
<board_Height>6</board_Height>
<square_Size>50.</square_Size>
<FixAspectRatio>1.</FixAspectRatio>
<!-- flags:  +fix_aspectRatio +fix_principal_point +zero_tangent_dist -->
<flagValue>14</flagValue>
<Camera_Matrix type_id="opencv-matrix">
  <rows>3</rows>
  <cols>3</cols>
  <dt>d</dt>
  <data>
    4.8599952866889492e+02 0. 3.1950000000000000e+02 0.
    4.8599952866889492e+02 2.3950000000000000e+02 0. 0. 1.</data></Camera_Matrix>
<Distortion_Coefficients type_id="opencv-matrix">
  <rows>5</rows>
  <cols>1</cols>
  <dt>d</dt>
  <data>
    9.8962268180878332e-02 -1.5271697082999880e-01 0. 0.
    -6.4871735942181513e-02</data></Distortion_Coefficients>
<Avg_Reprojection_Error>9.7217391168376643e-01</Avg_Reprojection_Error>
<Per_View_Reprojection_Errors type_id="opencv-matrix">
  <rows>25</rows>
  <cols>1</cols>
  <dt>f</dt>
  <data>
    1.27918810e-01 1.17197447e-01 1.33374333e-01 1.27817944e-01
    1.18396074e-01 2.18668357e-01 1.37664080e-01 2.25485638e-01
    2.09662080e-01 1.74268529e-01 4.36858416e+00 5.47816873e-01
    3.09161365e-01 3.37921798e-01 2.87645876e-01 4.23931718e-01
    3.73622149e-01 4.73960817e-01 6.09251201e-01 7.34619975e-01
    1.37003171e+00 3.32500309e-01 1.60487488e-01 1.69415206e-01
    4.28861648e-01</data></Per_View_Reprojection_Errors>
<!-- a set of 6-tuples (rotation vector + translation vector) for each view -->
<Extrinsic_Parameters type_id="opencv-matrix">
  <rows>25</rows>
  <cols>6</cols>
  <dt>d</dt>
  <data>
    3.0657834609787765e-01 -6.2471095696244344e-02
    3.0647473927677633e+00 3.3996602850381771e+02 1.6549166084691581e+01
    9.3990393122772241e+02 3.4858739392453519e-01 2.1699348992592193e-01
    3.0757730304333060e+00 3.4579773365946147e+02 1.7166755098262492e+01
    9.6504529041788840e+02 3.2504015384885376e-01
    -1.4844110851873066e-02 3.0681095117770449e+00
    3.4027412486151661e+02 1.6738956733116694e+01 9.4102336766514418e+02
    2.7612829670365935e-01 -3.4742271084614318e-01
    3.0312421526513988e+00 3.3439085558746871e+02 2.2778433643205592e+01
    9.0897953432507234e+02 -4.0737187904470740e-01
    2.0726956106214445e-01 -3.1082561107870856e+00
    3.4877922694521334e+02 9.1582005211740949e+00 9.3434593457260416e+02
    -4.5586386723030076e-01 2.0116745191001875e-01
    -3.0219876879544838e+00 3.5889866391228134e+02
    2.8311415632114495e-01 9.3125239189644083e+02 2.4949526942587688e-01
    -6.0280546194954689e-02 2.9715580734687732e+00
    3.4324757318588621e+02 -4.1134834405772871e+01
    9.3550573571816403e+02 5.7002135082941752e-01 3.1010127831206460e-02
    2.9842405346247713e+00 3.2960007209432365e+02
    -7.3106559770967039e+01 8.4042991544087022e+02
    -4.4303502829031904e-01 -5.6246799100696139e-02
    -2.9559732445912466e+00 3.1780025429426178e+02
    -9.8925591506765080e+00 8.7314010850019645e+02
    5.1898627624156424e-02 4.4743328401728971e-01 2.9678251656391446e+00
    3.4195823859805876e+02 -7.3836111532224308e+01
    8.5971181352920519e+02 -1.3949409228355653e-01
    -1.3515628096579830e+00 -2.7079414679549765e+00
    2.9800825248851709e+02 -7.2045396105848852e+01
    7.4529648262893136e+02 -2.5342100232566517e-01
    -1.1449922546508016e+00 -2.8792128740871252e+00
    2.3031842859308207e+02 -7.5171260975482397e+01
    7.2559878442930426e+02 -4.3739706108161974e-01
    -6.0210244388589373e-01 -3.0375355680094600e+00
    2.3016737360171101e+02 -7.9616434790065682e+01
    7.3228383310737433e+02 -4.0620302924381113e-01
    -6.3618465722742412e-01 -3.0349827602764381e+00
    2.2461828118802566e+02 -7.0075498132632092e+01
    7.1711129647503594e+02 4.6491044565015305e-01 2.7301768669545051e-01
    3.0802944422550347e+00 2.3126958408959874e+02
    -5.2190087363381835e+01 7.5789478628120105e+02
    7.8266421088610172e-01 -5.0766039737507851e-01
    2.9949465914675959e+00 2.0384556074243088e+02
    -2.8190108388135744e+01 7.7368204738974339e+02
    6.7369377265305397e-01 -8.6457861398135116e-01
    2.7708387285337759e+00 2.8273603022920895e+02
    -9.9997685935492825e+01 8.1405430564070696e+02
    7.5167690771269358e-01 -9.7410382875715551e-01
    2.7126071722591965e+00 2.7884107766090898e+02
    -6.7685645845137287e+01 8.0387730273031548e+02
    7.9162062782926013e-01 -1.0265892344907499e+00
    2.7022578425540602e+00 2.7334388583869497e+02
    -4.0492575158813935e+01 8.0266049347215505e+02
    7.9630008695613697e-01 -1.1168027533063474e+00
    2.6677159330543008e+00 3.0618248984031459e+02 2.0095506728084452e+01
    7.9255602020051617e+02 8.2342151896211213e-01
    -1.3412172516872798e+00 2.4982144373401054e+00
    3.6044148671544019e+02 -2.5457175519189650e+02
    1.0338301603548421e+03 6.7144686235759110e-01
    -1.0236058762000313e+00 2.8450339197013963e+00
    5.5109411008795166e+02 -2.2490096205718271e+02
    1.3229554136446602e+03 -8.2834427479453437e-02
    1.7310970526487124e-01 -3.0858760727967192e+00
    5.3841279472738711e+02 -2.9366969804650262e+02
    1.3029940157842645e+03 -8.8896492291274040e-02
    1.6499310911044099e-01 -3.0722217528888160e+00
    5.2385955829929162e+02 -2.6364182838454479e+02
    1.2889095489375759e+03 -4.9042801005964765e-01
    5.7389161416367651e-01 2.9629842291723594e+00 4.5147893350156403e+02
    -2.7138882333097666e+02 1.2651714841005335e+03</data></Extrinsic_Parameters>
