<?xml version="1.0"?>
<opencv_storage>
<calibration_Time>"Thu Apr  6 03:24:29 2017"</calibration_Time>
<nrOfFrames>25</nrOfFrames>
<image_Width>640</image_Width>
<image_Height>480</image_Height>
<board_Width>9</board_Width>
<board_Height>6</board_Height>
<square_Size>50.</square_Size>
<FixAspectRatio>1.</FixAspectRatio>
<!-- flags:  +fix_aspectRatio +fix_principal_point +zero_tangent_dist -->
<flagValue>14</flagValue>
<Camera_Matrix type_id="opencv-matrix">
  <rows>3</rows>
  <cols>3</cols>
  <dt>d</dt>
  <data>
    4.8230359882279953e+02 0. 3.1950000000000000e+02 0.
    4.8230359882279953e+02 2.3950000000000000e+02 0. 0. 1.</data></Camera_Matrix>
<Distortion_Coefficients type_id="opencv-matrix">
  <rows>5</rows>
  <cols>1</cols>
  <dt>d</dt>
  <data>
    1.1490247578704842e-01 3.7034467262985142e-02 0. 0.
    -6.0729648980208617e-01</data></Distortion_Coefficients>
<Avg_Reprojection_Error>1.2850077839687739e+00</Avg_Reprojection_Error>
<Per_View_Reprojection_Errors type_id="opencv-matrix">
  <rows>25</rows>
  <cols>1</cols>
  <dt>f</dt>
  <data>
    2.63890564e-01 4.74756777e-01 4.57311362e-01 4.11315060e+00
    8.19251001e-01 2.42521510e-01 1.95204958e-01 2.30941013e-01
    1.59216270e-01 1.81087285e-01 1.56573698e-01 4.07339603e-01
    1.69903934e-01 2.00480551e-01 3.01521689e-01 4.56442165e+00
    3.80317092e-01 2.89029539e-01 2.14349568e-01 3.99371564e-01
    4.32060510e-01 6.60988867e-01 6.19832397e-01 4.65829521e-01
    3.69629741e-01</data></Per_View_Reprojection_Errors>
<!-- a set of 6-tuples (rotation vector + translation vector) for each view -->
<Extrinsic_Parameters type_id="opencv-matrix">
  <rows>25</rows>
  <cols>6</cols>
  <dt>d</dt>
  <data>
    -2.8776752258881511e-01 2.8209228454848001e-01
    2.9392877593824869e+00 2.2598737454410980e+02
    -3.4277875711979711e+01 8.8647406897823350e+02
    -4.5659078247126594e-01 9.2344911421646947e-01
    2.7715899994721211e+00 2.7996048454668971e+02
    -5.4417348832919494e+01 7.8874888607864591e+02
    -3.4823742025239218e-01 8.8530004677915630e-01
    2.8734670119164791e+00 2.6485984525981769e+02 1.2994360045761684e+00
    7.6106784010337014e+02 -5.6327545805383272e-01
    1.4097468644409978e+00 2.6785489578695136e+00 2.0664346682038683e+02
    5.4003226898266284e+01 7.7194981089343685e+02
    -5.0729457116525578e-01 1.1736294310708466e+00
    2.7772222914902200e+00 2.2857245140544387e+02 4.6303867542627330e+01
    8.8058729326542164e+02 1.5113881936703225e-01 2.1934703812541345e-01
    2.9892920826752412e+00 3.1889065422893185e+02
    -7.3422475985668427e+01 8.4424343518255876e+02
    -3.8673318459963753e-02 4.3738219976412990e-01
    3.0540319008452737e+00 2.8242795092472932e+02
    -5.8617825981778688e+00 8.2759262304622996e+02
    3.6239286288492817e-01 3.2236780353863959e-01 3.0961368323612950e+00
    2.5516579860970171e+02 2.0559411674679197e+01 5.2181187453006919e+02
    -1.8175771667820850e-01 -2.1839524928272586e-01
    -3.0751938210790244e+00 2.6959986246816686e+02
    1.2549730587692937e+02 7.3641467735887466e+02
    -2.0055991800807929e-02 -3.5590398397738798e-01
    -3.0960515834287974e+00 2.7508585949496018e+02
    1.1273086989751175e+02 8.6993015751139853e+02 1.2796335388609212e-01
    -4.4767359309433646e-01 -3.0819137989853882e+00
    2.3538035623319917e+02 9.4866472447083396e+01 9.4615582854011006e+02
    -4.5713947456307813e-01 9.7427802125732632e-01
    2.9367011894503885e+00 1.9328530915927587e+02 5.6795604489019944e+01
    1.0192374062532812e+03 1.5068296836717548e-01
    -6.1513694801734575e-01 3.0727675881226211e+00
    2.1361233114723706e+02 -3.5355583754971320e+01
    1.1780970366473668e+03 2.7228416428629693e-01
    -6.5139650645826852e-01 3.0582563892095798e+00
    2.4233422674602022e+02 -6.5096706729439759e+00
    1.0580967077284599e+03 2.5669368874838916e-01
    -7.8408235004970406e-01 -2.9745717579283855e+00
    2.1808302918623093e+02 6.5399957530413829e+01 9.6172322120485114e+02
    3.7286687029053267e-01 -1.4600336984463982e+00
    -2.7105732138621175e+00 2.0608553410507972e+02
    4.1122410043111302e+01 9.0734732182681432e+02
    -2.9941426683326106e-01 1.0325769769314965e+00
    2.8813790716859100e+00 2.4047029337243663e+02 5.4010154181794285e+01
    8.6728473920687645e+02 1.7798143248621925e-01
    -1.4858328389966874e-01 3.0542826379953056e+00
    2.6821800216301813e+02 -2.9992359845499248e+01
    9.0702700355740899e+02 -3.7804820506318765e-01
    2.7834580574516415e-01 -3.1042462389204890e+00
    2.4185135205423455e+02 2.8544937333081219e+01 8.0334901713121235e+02
    -5.3728883617011558e-01 6.8703827636190085e-01
    -3.0147315642881849e+00 2.4952492426624411e+02
    5.5691249188689396e+00 8.3581157389548605e+02 4.5004003291937661e-01
    -6.4722675771177718e-01 3.0107589740630081e+00
    2.4406797235065719e+02 -1.9282823428635600e+00
    8.4303533856914407e+02 3.6860125368312435e-01
    -8.0167339171412100e-01 2.9844064145428777e+00
    2.4877958728838712e+02 3.8252700865659236e+01 9.1745050086546337e+02
    3.7569802085119397e-01 -7.6507711659062239e-01
    2.9800210796799869e+00 2.6762903088424844e+02 3.6243592588294121e+01
    9.0091217936479768e+02 2.5623626649909076e-01
    -5.1828915521161212e-01 3.0669931280529408e+00
    2.4982629701733606e+02 7.3839196154989551e+01 8.8276211052864562e+02
    -7.6537251636499015e-01 4.8902109314551961e-01
    2.9120289779827164e+00 1.5704002959130472e+02 4.9155979952442628e+01
    9.7639415598315441e+02</data></Extrinsic_Parameters>
