<?xml version="1.0"?>
<opencv_storage>
<calibration_Time>"Thu Apr  6 03:23:00 2017"</calibration_Time>
<nrOfFrames>25</nrOfFrames>
<image_Width>640</image_Width>
<image_Height>480</image_Height>
<board_Width>9</board_Width>
<board_Height>6</board_Height>
<square_Size>50.</square_Size>
<FixAspectRatio>1.</FixAspectRatio>
<!-- flags:  +fix_aspectRatio +fix_principal_point +zero_tangent_dist -->
<flagValue>14</flagValue>
<Camera_Matrix type_id="opencv-matrix">
  <rows>3</rows>
  <cols>3</cols>
  <dt>d</dt>
  <data>
    5.0081943487476656e+02 0. 3.1950000000000000e+02 0.
    5.0081943487476656e+02 2.3950000000000000e+02 0. 0. 1.</data></Camera_Matrix>
<Distortion_Coefficients type_id="opencv-matrix">
  <rows>5</rows>
  <cols>1</cols>
  <dt>d</dt>
  <data>
    1.8290579523587003e-01 -3.8263610328325837e-01 0. 0.
    1.8309383244600674e-01</data></Distortion_Coefficients>
<Avg_Reprojection_Error>6.2685635582053034e-01</Avg_Reprojection_Error>
<Per_View_Reprojection_Errors type_id="opencv-matrix">
  <rows>25</rows>
  <cols>1</cols>
  <dt>f</dt>
  <data>
    1.45322353e-01 1.39809847e-01 1.31424502e-01 1.21999837e-01
    4.19708550e-01 1.62273481e-01 1.53206319e-01 3.19944710e-01
    1.63405538e-01 1.02445059e-01 9.72094461e-02 2.92341065e+00
    1.36026829e-01 2.49966845e-01 2.25906432e-01 2.33800203e-01
    4.32944030e-01 1.67081669e-01 1.95661291e-01 2.10798532e-01
    4.98859823e-01 1.51107445e-01 1.45674273e-01 1.24422766e-01
    1.90905288e-01</data></Per_View_Reprojection_Errors>
<!-- a set of 6-tuples (rotation vector + translation vector) for each view -->
<Extrinsic_Parameters type_id="opencv-matrix">
  <rows>25</rows>
  <cols>6</cols>
  <dt>d</dt>
  <data>
    2.1771198589047919e-01 -4.1140872254637190e-01
    -3.0920679411791476e+00 1.2723493479760131e+02
    5.8049354642350067e+01 1.0163300254871255e+03 2.0905452238617753e-01
    -3.7728539809354061e-01 -3.0920105069523562e+00
    1.2904251082445160e+02 5.7234996077166734e+01 1.0133261437046160e+03
    2.1052058251378569e-01 -3.8309471995631950e-01
    -3.0945183278600581e+00 1.2736973671489392e+02
    5.7381969833741302e+01 1.0137984214023644e+03 2.3266579692088102e-01
    -3.4551210659130033e-01 -3.0997551843124729e+00
    1.2605878824169682e+02 5.5663750072293624e+01 1.0046602149175156e+03
    -9.2028833504285631e-02 1.2089885280953561e+00
    2.8685759578249179e+00 1.4002715836986616e+02
    -1.8014156801865774e+01 8.2754614761190385e+02
    -4.2911075296673162e-01 -2.6426757567588555e-01
    -3.0195114109580841e+00 1.3628204425690191e+02
    1.0730014407676512e+01 8.3507958264466959e+02 5.7436183451787760e-03
    -2.4974658408852723e-02 -3.1052912393239067e+00
    1.2784623158698987e+02 -2.4401803931510084e+01
    8.6501377418848267e+02 3.5003309510424302e-01
    -9.7824968564578985e-01 -2.7730840248427300e+00
    1.2259957921824305e+02 -4.2490383184361313e+00
    9.4420214633851765e+02 -3.6752035092385532e-01
    -8.7448598076182521e-02 -2.9021625701521629e+00
    1.3202052474706011e+02 -3.0407454826969023e+01
    9.3613170592858808e+02 -2.6738333804219755e-01
    -2.9467348373301203e-02 -3.0430775113370512e+00
    2.7056493435959737e+02 -2.3167588667569018e+02
    1.4794843203757043e+03 1.0920897803709725e-01 3.0008418155632116e-01
    -3.0758452967022443e+00 1.5063825268066464e+02
    -4.3781569038418905e+02 1.9749277578724732e+03
    3.0444273385038018e-01 -1.2105973363246607e+00
    -2.8073808451306159e+00 2.0538234992763941e+02
    -2.0611089839387057e+02 1.4180079135805265e+03
    -5.9888700784804749e-01 -6.0401530575235021e-02
    -3.0328541626241012e+00 2.3911265439613811e+02
    -2.7633807025035054e+02 1.2677370893907207e+03
    -5.5406748957942409e-01 6.4755209904635203e-01
    2.8890728073901752e+00 7.9090498145724382e+01
    -1.4154531162564453e+02 9.9918326523271946e+02
    -3.7952342785355236e-01 2.3416806937768300e-01
    -3.0774617456533302e+00 1.1004176821774303e+02
    -9.8972415721668014e+01 8.4995288253313481e+02
    -9.1257018936926515e-01 8.0081925685149569e-01
    -2.7706061864044713e+00 1.6018763222364615e+02
    -6.6936737890525762e+01 7.9507208972151113e+02
    -3.1253332427872921e-01 -4.1207738160655816e-01
    -2.8947121002347829e+00 1.5530441856795343e+02
    2.5236435872026835e+01 5.5215810181320489e+02
    -5.4298021042676081e-01 3.5815472158323225e-01
    -3.0352396381886702e+00 1.4242122940297145e+02
    -4.0081390958322096e+01 7.0717867096224211e+02
    -2.3817897207141031e-01 -3.9691016959322131e-02
    -3.0624765866475587e+00 6.9972926631872411e+01
    6.3792698259766574e+01 6.3950642530371420e+02
    -2.5990168386311774e-01 -1.0591114468240223e-01
    -3.1001322282925501e+00 9.5607843436427245e+01
    9.8246476004025265e+00 6.0776040526056477e+02
    -7.1326834183708931e-01 7.6086269907424575e-01
    -2.7505628475367705e+00 3.0346420823115125e+02
    -3.9847107646503225e+01 8.5675692679398117e+02
    -3.3913505305792607e-01 -3.2425671327737854e-01
    -2.9855442509281680e+00 3.1959414582073890e+02
    6.7664023506041374e+01 7.8560815349895870e+02 1.7155030868617013e-01
    -7.9369602512931473e-02 -3.0489730485538722e+00
    2.2624123555857111e+02 2.8820354055286451e+01 9.3891628944265130e+02
    1.4166462301575267e-01 -6.3024126735954880e-02
    -3.0447224582268801e+00 2.3154093064676533e+02
    3.4442345056840942e+01 9.2871429255932344e+02
    -5.9841664068757772e-01 3.0098961988126710e-01
    3.0435390862609562e+00 2.1362748854120267e+02
    -5.0998354260684344e+01 9.9970595173496918e+02</data></Extrinsic_Parameters>
